	
	0.00628095828091	5	0.0122867757399	1	0.00572516149017	1	0.00452754020145	1	0.00618572666873	9	0.00658229795863	3	0.0074692823827	5	0.00998385483988	1	0.0149904463491	1	0.0133454431816	4	0.00353904352496	4
	0.00628095828091	5	0.0148274523223	2	0.00572516149017	2	0.00671666613099	1	0.00625505086528	9	0.00666701066601	3	0.00755906742483	5	0.00998385483988	1	0.0149904463491	1	0.0133454431816	4	0.00353904352496	4
	0.00628095828091	5	0.0148274523223	2	0.00572516149017	2	0.00671666613099	1	0.00625505086528	9	0.00666701066601	3	0.00755906742483	5	0.00998385483988	1	0.00294974506687	1	0.0133454431816	4	0.00353904352496	4
	0.00885053822934	5	0.0148274523223	2	0.00572516149017	2	0.00671666613099	1	0.00625505086528	9	0.00666701066601	3	0.0108380417	5	0.00998385483988	1	0.00294974506687	1	0.0133454431816	4	0.00353904352496	4
	0.0151974293498	5	0.0100819390437	1	0.0082462240033	1	0.00452959421852	1	0.00514650959577	9	0.00157295257361	3	0.011127641368	5	0.00788009164473	1	0.00248098715955	1	0.0146664932041	3	0.00421293442647	4
	0.00628095828091	5	0.00744262823088	1	0.00685633090782	1	0.00452754020145	1	0.00618572666873	9	0.00922602376894	3	0.00376718610893	5	0.00534234649292	1	0.00798345528153	1	0.0133454431816	4	0.00820291337549	4
	0.0186117528451	5	0.0173854186262	2	0.00457700139916	2	0.0121268160138	1	0.0102800651973	8	0.00934476063816	3	0.0038124698385	5	0.00727019170928	1	0.00534247644242	1	0.0159365203632	4	0.00404154446299	4
	0.0115000349323	5	0.00502837259046	1	0.00457700139916	1	0.00756359182687	1	0.00326373348684	9	0.00142271706772	3	0.00376718610893	5	0.0125829636283	1	0.00534247644242	1	0.0159365203632	4	0.00697151891621	4
	0.0115053187943	6	0.0173936972483	2	0.00457886587813	2	0.00764800021944	1	0.00330189611793	9	0.00159536425062	3	0.005612305686	5	0.0334828328085	1	0.0272602337619	1	0.0370275265658	3	0.00368912390785	4
	0.125649708366	2	0.455032404	1	1.0	1	0.10721024818	4	0.0305806135483	1	1.0	0	0.0709803536734	8	0.12319563099	9	0.12081596369	7	0.0794294609363	6	0.138119519533	2
	0.125649708366	2	0.455032404	1	1.0	1	0.10721024818	4	0.0305806135483	1	1.0	0	0.0709803536734	8	0.12319563099	9	0.12081596369	7	0.0794294609363	6	0.138119519533	2
