40.3510197765,-74.6522094124
61  32.3727502823  0.0138387385608  m  57.773163  40.3521730425	-74.6516780835
41  77.7591094971  0.184690847372  m  54.4882202  40.35178144	-74.6491744091
81  156.150690715  0.21609024625  m  42.74234  40.3478297498	-74.6477397625
122  245.103720093  0.593818141824  m  42.82065  40.3451738181	-74.6531512868
61  150.429931641  0.712500303339  m  22.87167  40.3402372543	-74.6512682923
81  224.505355835  1.0610285918  m  33.01469  40.3389453935	-74.6577559692
102  327.181983948  1.6149774298  m  57.837677  40.3445830197	-74.6614767798
142  327.402137756  3.63066668119  m  66.93477  40.3490751749	-74.6619165783
101  80.9877605438  2.96341227307  m  60.006714  40.3498427058	-74.6566761286
61  80.5068969727  1.77917395503  m  57.411865  40.3507831134	-74.6520288662
41  157.572418213  0.964892380957  m  57.733459  40.3487408627	-74.6518069972
40  226.481216431  1.17340525836  m  61.895187  40.3474525642	-74.6547688265
102  155.95344162  3.11883412451  m  23.56715  40.3401859571	-74.6512217727
40  139.871276855  1.15965758679  m  28.48732  40.338746449	-74.6552978084
